82
1022
1887
1024
90
1026
1891
1895
1035
1036
1038
1902
102
1042
1906
108
1908
113
1049
116
118
1056
121
123
1059
1060
130
131
1933
1070
135
1074
139
141
1077
1942
1079
1080
1944
1082
1083
1947
1084
1085
149
150
1950
151
1161
1377
1162
1379
660
1164
1165
662
1169
1386
1388
1174
671
1392
673
677
681
1401
682
1403
1405
1190
1406
1191
688
1194
1410
1195
1411
1198
698
700
1204
1205
701
1207
1209
1426
708
711
714
715
1435
716
1220
1439
1440
721
1231
727
1232
1448
801
803
804
445
949
302
2031
807
303
447
952
305
809
2034
306
450
811
2035
452
2037
453
957
454
2038
815
816
960
963
316
460
317
461
822
2047
2048
824
464
968
321
323
2052
833
979
980
332
476
2061
333
837
838
982
334
839
2064
336
840
337
984
481
2066
482
842
483
484
2069
990
2071
344
490
994
346
996
854
495
999
352
856
353
354
498
355
1003
859
1005
501
502
358
359
863
505
361
2090
506
507
1011
1012
2093
1013
870
2094
512
1016
1521
155
1524
1525
158
1670
160
1672
1529
163
1676
165
1677
1534
167
1535
168
1681
170
171
1539
1540
173
174
176
1688
1545
178
180
1548
1549
182
1694
183
1695
184
1697
1554
1698
1700
188
1559
1703
1560
193
1705
1707
1708
1709
1565
1710
1569
1571
1716
1717
1573
1574
209
1577
1578
1723
1724
212
1725
1584
1728
218
1731
1732
80
1590
1734
222
223
729
1953
730
1811
1955
1812
1957
1815
591
1959
736
593
1962
739
740
742
1822
1823
744
600
1968
745
746
749
1974
608
1833
609
613
1981
757
1983
761
1985
1841
618
763
620
1988
1845
765
1989
767
770
1850
626
1851
1994
771
1852
773
1853
774
1854
1856
632
2000
1857
633
634
2003
1860
2004
781
1862
638
783
1864
640
2008
642
787
1867
1869
2014
1871
647
1872
1873
649
2018
2019
1876
652
2020
798
1878
656
1235
1307
1091
1309
1310
1454
1455
1459
1100
1317
1101
1461
1246
1318
1247
1320
1105
1106
1323
1107
1324
1109
1471
1255
1472
1473
1475
1476
1260
1262
1334
1118
1119
1265
1481
1337
1122
1124
1269
1341
1125
1485
1270
1344
1273
1129
1130
1490
1347
1276
1277
1349
1494
1135
1280
1282
1354
1138
1498
1500
1285
1286
1358
1502
1287
1144
1361
1505
1362
1146
1363
1507
1148
1365
1294
1150
1295
1367
1511
1296
1369
1153
1297
1155
1301
1517
1302
1158
1518
1375
1159
369
2098
370
2099
371
372
878
879
881
524
382
526
886
889
890
530
387
388
894
391
535
392
896
897
538
397
901
398
542
903
543
400
905
906
546
403
909
910
551
408
410
914
554
411
555
413
917
558
415
418
562
923
924
570
572
934
575
577
434
938
939
435
4
940
5
582
438
583
8
226
227
1739
1740
1597
1741
15
1600
1602
19
1605
22
239
1752
1609
25
1611
28
1757
29
1758
247
1759
1760
34
251
1764
254
255
1768
1625
41
1626
1627
1771
45
264
266
1779
1636
269
1639
1783
55
1640
56
272
1642
59
1644
277
1645
1789
1791
280
64
281
1649
283
285
1797
69
1654
70
1801
73
290
74
1658
1659
1803
1660
76
1662
79
1664
