1953
1018
946
514
1019
371
1663
1236
732
1955
301
1957
85
446
877
373
1958
303
807
1240
952
1960
953
1889
306
451
1893
1966
1751
1247
1895
1032
746
1035
315
1828
1252
534
894
1255
247
896
1256
752
536
395
1908
1836
1044
613
757
1838
1262
470
758
111
903
1982
760
1265
905
761
258
1987
907
475
548
1916
1844
1268
549
837
1772
838
1774
910
623
912
552
1273
481
1777
626
554
1995
1923
1275
772
412
484
269
845
1997
1782
342
485
1061
1063
415
1925
992
128
1280
633
921
1066
850
563
923
1788
996
925
1789
853
1861
638
1934
999
927
1072
1936
136
353
1865
929
426
138
282
642
355
1075
1868
1005
1077
429
358
286
861
577
1945
937
578
362
1874
1299
363
652
1804
796
1805
1806
1878
943
583
1088
1449
1306
658
1378
1595
10
1163
1596
1308
1381
158
15
1671
1383
16
1096
1169
161
1602
1098
1603
163
669
166
670
1608
1680
1610
1106
1396
172
1541
1542
1327
31
1329
37
1405
183
1191
1335
1336
40
1624
1337
43
1411
1195
1556
1483
1558
1703
696
1705
1417
1489
1706
1634
1420
1566
1134
1135
1351
1423
56
57
1137
1643
1715
1212
1645
62
1719
1360
65
67
1579
716
1364
1653
214
1366
1222
1655
1152
721
1658
75
1591
1660
1372
1661
1229
1158
1231
