81
1881
1883
1020
1021
86
87
1023
1888
91
1892
95
1031
96
1033
1899
100
1037
1903
1905
1045
1910
1046
111
1911
1047
1912
1913
114
1914
115
1053
1917
1918
119
1919
1920
122
1923
1061
127
1927
1063
1928
1929
1066
1067
1931
1068
1069
134
1934
1935
1937
1075
1940
145
1946
146
1949
1086
1951
657
1383
1167
1168
665
666
1387
668
669
1173
1389
670
1175
1394
1178
1179
1395
1396
1398
1400
680
1402
683
684
1189
692
693
1414
696
1201
1418
1419
1420
702
1206
1422
706
1210
707
1427
1429
1215
1431
1216
1437
1438
718
720
722
1227
1443
725
1446
1447
728
2025
2026
301
805
806
446
951
448
2032
449
810
308
812
310
455
312
2040
313
817
961
458
315
2043
2044
965
966
319
825
465
322
826
2051
468
469
2053
326
2055
327
832
329
474
331
835
2060
836
981
2062
479
841
985
338
986
2067
339
843
845
2070
342
846
848
488
2072
849
2074
2075
995
491
349
494
998
351
2082
2083
499
2084
2085
862
360
504
865
1009
362
1010
867
363
364
508
510
1015
153
1522
1667
1668
1669
1527
1528
1674
1675
166
1679
1536
1538
1682
1684
1543
175
1691
181
1552
187
1556
1702
190
191
192
1704
1562
195
202
204
205
1718
1719
208
1720
210
1722
1579
213
214
1582
220
1588
221
1733
1736
224
1809
1954
732
589
590
1958
1960
592
737
1818
1820
596
1964
1965
599
1824
601
602
1970
748
604
605
1831
754
610
755
1979
756
612
1837
759
1839
760
762
1986
1843
1987
622
766
1847
1991
1992
1996
629
1998
776
2002
779
2005
637
782
784
2009
2011
789
645
790
2015
792
1875
796
1877
1879
1880
1305
1089
1449
1233
1306
1236
1452
1237
1093
1312
1096
1456
1241
1098
1316
1460
1245
1102
1319
1464
1321
1249
1467
1108
1253
1470
1111
1112
1331
1117
1477
1478
1263
1479
1336
1120
1338
1483
1268
1340
1486
1343
1271
1272
1128
1275
1491
1348
1132
1493
1278
1279
1496
1352
1281
1137
1139
1501
1142
1503
1288
1360
1145
1291
1364
1508
1293
1152
1370
1515
1300
1156
1374
1519
1304
1520
873
515
516
518
375
519
520
521
377
379
383
531
899
539
541
399
904
402
405
406
550
407
912
552
409
915
916
556
414
920
416
921
564
925
567
424
568
425
929
569
573
430
0
936
937
578
2
3
579
436
437
944
584
1593
1737
13
230
231
1603
1606
242
1610
1612
1613
245
1615
1763
252
1765
253
1622
38
1767
259
260
46
1774
263
1775
1632
1776
1635
51
52
53
1637
270
1638
1782
54
1784
1641
274
58
1788
61
279
67
1655
288
1656
72
1804
1661
78
1807
