1952
585
586
1954
1956
590
591
1815
1816
1961
1242
1821
600
1248
1825
1970
602
1973
1831
1975
1257
1833
1978
1260
1263
1840
1841
618
1843
1988
1269
1989
1848
625
1274
1852
628
1276
629
1277
1278
1856
634
1282
635
637
1288
1866
1291
1292
1871
1296
651
1301
654
1302
1879
1303
1451
1092
1309
1094
1454
1312
1456
1457
1315
1103
1104
1466
1326
1470
1473
1331
1115
1476
1333
1120
1481
1482
1123
1341
1342
1129
1490
1491
1348
1492
1132
1497
1361
1506
1146
1362
1508
1149
1150
1515
1373
1375
1519
872
876
1740
875
372
517
518
1743
879
1744
882
524
1750
887
385
889
890
387
532
1757
533
1758
895
537
1762
394
1767
546
1770
908
404
1773
405
551
409
915
1779
411
916
413
917
918
561
922
562
564
565
1790
422
928
424
569
1793
425
930
427
1795
428
573
934
576
1
1801
433
434
579
941
582
1592
8
9
13
14
1599
1601
18
21
1614
38
42
1628
44
1629
45
50
54
1639
60
1656
1659
1662
224
82
227
731
1884
228
1020
230
86
1887
1888
236
1892
743
744
241
745
98
1898
244
1901
246
104
753
1907
251
109
1910
1911
1047
256
1049
1913
1914
116
1053
117
118
262
1055
1919
767
1056
1922
123
268
124
1060
125
126
774
1926
270
1927
1065
1929
277
1071
784
785
283
1939
284
1941
142
790
143
1079
1082
1083
147
292
1084
797
1086
1950
295
1380
663
1386
1172
1174
672
1180
1181
1185
1186
1403
1188
685
1193
1196
1412
1413
693
1415
1199
698
1418
700
1207
704
1208
1425
706
708
709
1213
1430
714
1435
1224
1226
1445
1230
726
1447
444
949
805
950
304
450
810
955
452
308
812
958
814
310
456
312
457
460
966
968
825
465
971
468
828
829
974
471
328
977
834
476
981
334
982
337
985
842
338
986
987
339
989
343
993
346
994
995
852
349
350
1001
354
498
1002
499
860
356
357
1006
1008
865
1010
223
509
870
1521
155
1672
1533
1536
169
1681
1537
171
1683
1547
1548
1694
1554
1701
1704
1560
1564
1709
1711
202
203
1718
1722
210
1582
1728
219
220
1735
