5263
5264
1596
1593
3184
5778
5273
5777
1603
1604
5277
1606
5279
1608
5784
5283
5789
1615
1618
5292
5796
3205
1622
5296
3208
5800
3210
1627
1628
5299
5303
5302
1631
5809
5308
5307
1637
1636
1639
3225
3226
5819
3228
3229
5319
5824
3234
5826
1652
5324
3238
1655
3242
5835
5331
5837
5838
7856
728
2674
4762
2676
733
7862
2678
4767
7865
2683
4772
2685
7868
743
2687
4777
7875
7877
2694
7878
754
2698
755
2703
760
4792
4793
7892
765
4797
766
7894
769
7897
4802
2717
2716
773
2719
7902
4807
2721
7904
7905
2720
778
4810
2724
7910
4814
2726
4815
785
2730
4818
789
7919
791
4826
4830
2167
4259
7355
4260
4262
2179
7364
2184
2183
7370
2186
7372
4277
2192
2193
4282
2194
2198
4287
7384
4288
2203
7388
4294
7390
7395
2213
7398
7399
4305
7401
4306
7406
7410
2224
7411
7412
2229
7415
7416
2231
2233
4324
4326
2238
1663
3752
297
3755
802
3754
3756
300
1668
805
1670
6855
807
6857
305
306
810
307
6859
3765
815
3768
819
6868
317
1686
827
1690
6875
1691
1693
325
3782
1696
329
1699
3788
838
1704
839
6890
844
339
3797
347
849
3801
1713
852
348
6902
853
3807
6901
351
1720
6903
857
354
3815
1728
361
366
6344
6351
6364
6366
6369
6372
6381
6386
6397
6399
6402
6403
6405
6414
5839
2744
2743
3250
7930
7932
5844
3253
2748
3255
7936
7940
2757
7941
7943
5855
5856
2762
3266
5860
3270
7952
3275
2772
5871
2776
5872
7961
3281
5874
7963
7964
2783
7967
7969
3289
3290
7971
5885
5884
5887
7976
3301
5895
3303
2800
5896
2802
7988
2805
5902
5905
7993
5908
7423
2241
7428
7431
2249
2250
5346
5349
7438
7439
7440
5353
7441
5355
7445
7448
5366
2270
2274
2276
7459
2277
2278
2280
5377
7466
5379
2287
5383
7475
5388
5392
7484
5399
2303
5401
7489
7490
5404
871
872
6919
6921
873
6923
371
6924
6925
880
6929
376
4841
882
886
4845
6938
385
891
6940
4852
388
893
6942
392
6949
6950
4866
6954
4865
909
6959
408
4874
4877
4880
6970
418
6971
4882
924
4885
925
422
928
4889
930
6980
4892
4893
935
4896
433
938
940
6989
942
4328
6419
1740
1744
1746
6427
4341
6432
6435
1759
4351
1760
4352
4356
1766
6448
6449
4362
1771
4364
1773
4368
4371
6459
1785
6465
1786
6467
1790
6471
4384
4385
4390
4392
6482
6485
4399
3825
3832
5923
3837
3840
5934
5935
5947
3860
3867
5960
3871
5961
3875
5965
5969
5970
3888
5409
7499
3324
7503
5416
3328
7504
7506
3331
3333
5424
7514
5427
5428
7515
7517
7518
3345
5439
3350
7534
5448
5449
7536
7539
5452
7541
5453
3372
3374
7553
3379
3378
7556
7558
5471
3384
5472
7561
5473
3386
3388
5478
7567
6992
2816
2817
945
4905
6994
443
4911
448
449
7003
954
7002
2827
955
957
7005
2830
7006
7008
4922
963
4923
964
7013
966
2838
464
7017
968
969
4931
7019
972
7020
2846
469
2848
4938
7027
4939
979
4944
480
2859
2861
4949
991
992
4952
996
493
494
2872
7048
1003
500
1007
7054
2880
1009
1011
2883
1012
509
4974
4401
2316
6492
6494
4406
6497
2323
6500
2327
2331
6508
4423
2335
4424
2338
2339
4427
6519
2345
6522
4435
4437
4436
6525
4439
2351
4440
4446
2360
6537
2361
6539
2364
6545
6550
2378
3898
3900
5993
1820
3908
5997
1821
3909
3911
6000
3912
6002
1827
6005
3917
1829
3918
6006
3920
3919
3921
1834
1841
6018
3931
6019
3932
6022
6023
3937
3939
3942
6030
1855
1856
3944
3945
1857
6033
6035
6036
3948
1861
1863
1864
3954
1870
3957
1873
3964
6054
1306
1308
3398
5486
5488
1313
5490
5491
5494
1319
1321
5500
1322
3413
3412
3417
1332
3419
5508
1333
3421
3425
1337
5515
5516
5518
5519
3433
3439
3442
5531
5532
1358
5536
5538
5542
1366
1371
3461
2887
2888
2890
515
2893
4982
520
2900
527
531
2907
4997
4996
2909
5004
2915
2917
5010
5009
548
2924
5015
2927
5019
562
570
571
572
2950
5038
2951
5041
2956
5046
5045
7569
2386
2387
4476
2392
4481
2394
7583
4491
4494
2408
2410
7596
7597
7598
7599
7600
4506
7603
4510
7608
2427
2430
4519
7615
2432
4523
7620
7626
2443
7629
4534
2447
2452
1016
3969
1017
1018
3971
7068
1884
1886
1887
7071
1888
1024
1891
3978
7077
1029
1893
7079
3986
1034
1903
1906
3993
7091
3995
1907
1044
7096
1048
4000
1050
1053
1917
7102
1055
7104
1057
7106
7108
4014
1929
7114
1931
1067
4020
1937
1938
7123
1075
4028
1080
1945
1079
3
4
7132
7133
6560
6563
6568
3474
3475
6574
3477
3484
1399
6584
1402
6587
1403
3492
6588
3494
6593
6592
1411
6596
1412
3502
1414
1413
6599
1416
1419
6606
1422
1424
3514
6611
1427
6612
6613
6615
6614
3526
1437
1438
1440
1442
3531
2962
6061
2977
6073
2981
6079
6081
2987
6086
2991
6089
6093
2999
3008
3010
6109
6113
3029
3030
2457
7642
5557
7647
5559
2462
5558
5560
7649
7651
5566
5567
2470
2473
2475
2476
7660
5579
2484
7669
5581
5582
5585
7675
2491
2494
5591
7679
5592
7680
7682
2498
5595
2500
7687
7689
5602
7690
7691
7692
2515
7698
5615
7705
5618
5619
5620
2525
1951
586
585
1956
590
7143
594
1961
1962
598
7151
7153
1969
1971
1973
1975
1974
5072
7163
5076
5078
7167
5081
5082
7171
621
5085
623
7176
7177
1993
5089
625
626
1994
1995
5092
1996
7180
7181
5094
631
632
5097
634
2004
5102
2006
2009
5106
2014
5110
7199
2016
7203
5115
653
6631
4545
4548
6638
4550
6641
4553
6644
1462
4558
1103
4559
1464
1109
1112
1114
1474
6659
1116
4571
1122
6668
1484
4580
6669
1124
1126
1488
6671
1489
1129
4586
6674
6675
1492
6678
1500
1143
6687
1145
6689
1506
1146
1147
1148
1510
1150
1517
6126
4040
6128
4041
7719
4045
7718
4047
6138
7722
7724
4053
6140
7726
4056
7728
4060
7732
4062
6152
4064
7739
7741
6157
7744
4071
7746
4074
6163
7753
6169
6170
4082
7757
6173
7758
4088
6176
6177
7765
6185
6186
6189
6190
6191
6193
4106
6198
3536
3538
3537
11
3541
7212
5629
5630
3544
5635
3549
20
5636
7224
7223
7225
25
5643
7227
3557
5648
33
3564
5652
3565
7239
7240
5659
7242
5658
5661
45
5664
48
5665
3579
5669
52
3581
7254
55
7255
7256
60
7260
7262
63
5679
3591
5680
7263
5681
3596
5684
3595
69
70
7271
7272
3601
5688
73
74
7276
5693
77
3031
226
3037
87
6710
3039
6712
5130
3045
5134
3046
237
6719
240
6721
3049
3051
3052
104
247
3060
109
6734
111
6738
115
6739
117
116
5159
6743
120
5160
5164
267
3075
124
268
3080
128
130
5171
5172
279
3089
5177
6759
5179
5180
5181
6768
5185
6769
3099
5188
6774
5189
4617
2528
6201
6203
4619
2531
2532
6205
662
2534
4625
2541
4629
1174
6215
4631
6217
672
2546
1178
674
1180
2548
1181
2550
6221
4639
1185
682
1186
683
2555
684
6228
6231
689
1195
1197
6236
2566
696
2567
6242
1202
4658
2571
2572
2573
6245
4662
6250
4666
2579
708
6252
2583
2584
2585
716
6261
6263
4682
1226
2597
726
2024
4113
7788
4120
2031
4125
2037
5712
2040
5716
4132
7808
5728
5729
5730
5731
7821
7820
7822
5736
7824
4152
7825
2068
5744
2073
5747
5749
7838
7837
5751
7842
2083
2084
7847
5761
2092
5764
7853
2094
5766
5191
1519
1522
5195
1525
3615
5200
161
1530
165
164
5206
169
3625
168
170
7299
171
173
174
3631
175
177
5217
7307
3634
3635
5221
1551
5222
1550
7312
7313
1558
5231
3647
3648
5234
1562
195
1564
7325
3655
198
5238
7329
5241
202
5242
5243
3661
205
7335
208
1577
3668
5253
7342
3671
216
7345
1586
3676
222
6776
4690
1241
1243
6788
3117
1246
6790
1249
3121
4706
1251
3124
1252
1256
6799
6803
6804
3134
4719
1263
6807
1264
1268
4723
4726
3145
3144
4729
3148
4733
6822
3153
6824
4738
4739
3157
6830
6836
4749
1294
4754
6843
3172
6844
4758
4185
2601
4188
2604
2605
4189
2607
2610
2615
4198
4200
2616
2617
4201
4202
4206
2623
2626
2628
4212
4217
4219
2638
4224
2644
2645
2648
4241
4243
2662
2663
4248
2666
4254
6272
3681
2099
6275
6277
6278
3688
2105
3691
6283
3692
3694
2111
3697
2114
2116
6294
6293
6295
6298
6299
6300
3710
6303
2128
6304
3717
6310
6312
2139
6315
2138
2140
2142
3728
2146
3731
6324
3733
2150
3736
3737
2156
6332
6333
3742
6336
2160
2163
