1017
1019
1884
1889
93
1029
1893
1032
1897
98
101
1040
104
1904
106
107
1043
1907
1909
109
110
1048
112
1050
1051
1916
1055
120
1921
1922
1924
1925
125
1062
128
1065
132
1072
1073
1939
140
1941
143
1081
148
1948
1087
1088
152
658
1163
1381
1382
663
1385
1390
672
1177
1393
674
676
1181
679
1184
1186
1187
1188
1404
685
686
687
1192
1408
690
691
1412
1413
1197
1415
1199
1416
1200
1417
697
1202
699
1203
1421
1423
703
704
1424
1208
705
1211
1212
709
1214
710
1432
1433
1217
1218
1434
1436
717
1221
719
1224
1441
1225
1226
724
1229
726
1230
441
802
946
298
2027
443
948
304
954
307
955
2036
311
959
2039
456
2041
457
818
314
820
2045
821
2046
318
969
2049
2050
970
827
324
973
325
470
2054
974
831
975
2056
976
977
2058
475
478
983
2063
987
340
485
989
847
343
992
2073
993
851
2076
493
997
350
855
1001
2081
497
857
858
1004
860
356
2086
2087
1007
864
2088
2089
509
365
869
1014
367
511
368
1665
154
1523
156
157
1526
1671
161
1673
1530
1532
1533
1680
169
1537
172
1541
1685
1686
1687
177
1690
1546
1547
1692
1693
1550
1551
185
1699
1701
189
1561
194
196
1567
200
1712
201
1713
1570
1714
203
1715
1572
1575
1721
211
1580
216
217
1729
1586
219
585
1810
587
1956
588
1813
734
1816
1817
594
595
741
597
1966
598
743
1826
1827
747
1828
1972
1973
752
1977
1978
1836
1838
614
615
1984
617
764
621
1846
623
768
1848
769
627
772
775
631
635
1859
636
1861
2007
1863
1865
641
2010
786
1866
788
646
2017
794
651
795
797
654
655
2023
1234
1090
1094
1311
1097
1242
1458
1243
1463
1248
1251
1325
1326
1254
1110
1329
1114
1330
1116
1333
1264
1121
1266
1339
1484
1126
1342
1127
1488
1492
1133
1495
1351
1497
1499
1356
1284
1359
1143
1504
1506
1147
1292
1149
1366
1368
1514
1373
1303
1160
874
875
373
517
883
884
380
381
885
887
888
385
529
891
532
533
895
536
898
395
396
900
540
907
549
412
918
919
560
561
563
420
421
926
423
927
928
426
930
571
931
427
428
429
933
574
431
580
6
439
440
225
1738
12
228
229
14
1598
1599
1743
16
1745
233
1601
1746
235
1747
236
1748
21
238
240
1754
26
1755
27
243
244
1756
30
1614
32
1616
1617
250
1619
36
1621
37
1766
39
1623
257
1770
258
43
44
1629
1773
1630
1631
1633
1778
50
267
1780
268
271
273
57
1785
275
1643
1790
278
63
1647
1793
282
1794
66
1795
1796
1652
284
1653
1798
287
1800
1657
292
1805
77
1663
296
