440
1880
1232
1017
1809
297
874
804
1812
948
589
878
806
448
89
90
738
1746
379
883
884
381
1246
1030
382
1894
95
1967
959
1752
1968
1824
97
1034
386
818
819
1036
605
245
823
463
1904
824
1832
1041
249
898
1043
827
1045
253
325
397
254
469
1983
255
399
1264
615
1048
257
1917
1918
911
335
1271
480
479
553
1850
1996
988
557
1781
1854
1062
1783
632
776
129
1858
779
275
278
494
1286
854
639
855
351
1935
857
281
137
570
1290
858
1074
139
140
500
1870
646
862
648
289
1081
794
290
2
1011
795
1085
5
1087
439
1304
153
1091
1667
1525
157
1670
1313
1387
1459
1676
165
1462
23
1465
1323
1395
676
1398
1399
1111
175
1400
1184
1615
1471
1689
34
178
1330
1546
1404
1116
1190
1480
185
1122
186
1555
188
189
1630
1414
191
1343
1559
1344
192
1346
1130
1636
196
1565
1133
198
1422
1567
1424
1209
58
1644
1716
1646
1503
1576
1216
1145
1577
1434
1436
1580
1365
1437
69
1727
216
73
1586
74
1444
1156
