1808
1234
1235
1811
587
1813
1959
592
1817
1818
1243
1819
1963
1244
596
1820
1965
1245
1822
598
1823
1249
1250
1826
603
1827
604
1972
1974
1254
607
1976
610
1834
1979
611
612
1261
614
1984
617
1985
1266
1986
619
1845
622
1847
1991
1272
1993
627
1853
630
1998
1999
1279
1283
1859
636
1287
641
1289
643
644
1869
645
1294
1298
650
1875
1300
1877
653
1305
1089
1314
1100
1317
1320
1105
1108
1469
1325
1110
1328
1472
1113
1114
1474
1475
1332
1477
1118
1478
1334
1121
1339
1487
1347
1349
1494
1495
1136
1354
1139
1141
1357
1502
1143
1147
1510
1511
1151
1513
1157
1518
1159
368
873
1737
370
515
516
1741
1742
375
880
521
377
378
523
1747
525
886
527
384
888
1753
1756
893
390
897
393
1761
539
396
1765
902
1766
543
401
1769
1771
403
407
1776
913
410
1780
558
559
560
416
1785
1787
420
566
423
1792
1794
571
931
572
1796
1797
933
430
1799
935
936
432
938
1802
435
4
436
940
581
6
7
12
1597
1600
17
22
1607
24
25
1609
1611
28
29
30
35
1620
1621
1623
41
1625
1626
1627
47
48
52
1638
1640
59
61
63
1647
1648
1649
1650
68
1654
71
1657
76
1016
80
1881
729
730
733
1885
229
734
87
1025
1026
1891
740
1028
92
93
1029
742
239
96
240
1033
243
749
101
1037
750
1039
103
105
754
1906
107
108
1909
110
113
1050
114
1051
115
763
260
261
1054
120
768
769
1057
1921
121
266
770
267
773
271
1064
1928
777
274
131
1067
1932
780
781
134
782
1070
1938
786
1076
788
141
1078
1942
1080
1944
288
146
1947
148
1948
1949
293
798
150
294
799
1376
1161
661
664
665
1385
666
1388
1173
1175
1394
1178
674
675
677
1182
680
682
683
1187
1189
1407
1194
1198
695
1200
1201
697
699
702
703
705
707
1428
1429
1214
710
1431
712
1432
1218
715
1220
717
1221
718
1440
1442
1443
1446
296
944
441
442
802
298
300
445
302
447
808
449
811
956
453
813
961
314
962
459
820
316
964
965
821
822
462
320
970
322
323
324
973
326
832
833
330
474
331
979
332
980
333
478
983
839
341
486
846
848
488
344
345
491
348
493
495
856
352
859
501
863
864
504
1009
866
507
867
868
364
365
1014
1015
1665
1522
1668
1526
1527
1531
1532
1677
1678
1679
168
1682
170
1539
1685
173
174
1543
1687
179
180
181
1549
1551
1553
1697
187
1702
193
1561
1562
194
1707
195
1708
199
1712
1568
1571
1572
205
206
207
1720
1721
1578
211
212
213
1725
1726
1583
1584
1585
1729
1587
1588
221
1589
