1591
5772
5269
1597
3181
1598
1599
5275
5781
5278
5783
3190
5280
1609
1611
5787
3197
1613
3198
1617
5793
3202
1619
3203
3204
1621
3206
5799
5295
3209
5298
1626
3212
5805
3214
3215
5807
5810
5811
5812
5309
5813
5814
5313
1642
1643
1644
5317
1647
5320
5322
5827
3240
5832
5330
5834
5332
4759
727
2672
7857
730
732
734
4766
7864
7866
4774
2686
742
7871
2688
4776
746
2691
7874
4780
7876
4782
7879
751
2696
4787
2700
7887
4791
761
7893
2711
7896
2713
4803
7899
774
775
7903
776
2718
4809
7909
782
4816
4817
784
7913
787
4819
4820
7917
2734
4822
795
4829
2742
2170
4265
4269
4270
7366
4273
7368
4275
2189
4276
2191
7377
7378
7383
4292
7389
7391
2207
2211
4299
4300
4302
7402
7404
2221
4310
4315
2227
4322
7418
295
3753
801
6850
1667
804
6851
3757
1669
3758
6854
1672
6856
6861
311
3767
816
314
818
821
1685
822
824
6871
3774
1688
823
321
6874
1692
3780
830
6879
831
6880
834
836
3793
6889
843
3795
342
343
1711
6896
6899
3805
1718
1721
6905
858
1722
860
6909
861
3814
359
3816
363
1732
870
3822
365
1734
6345
6348
6352
6356
6363
6379
6380
6382
6383
6385
6392
6396
6406
6407
6409
6413
3248
5842
3252
7934
5848
3257
5849
5851
5853
3262
2758
7944
7945
5857
3269
2768
5865
5868
7957
2775
3280
2777
2780
5875
2779
7965
7966
2781
2785
7970
7973
5886
2790
3295
7977
5890
7979
7981
7983
7984
5897
2804
3309
2808
7994
7996
7998
2813
7997
7424
2244
2246
7430
7432
5345
7434
2254
2255
7442
7444
2261
7447
5360
2265
5361
5363
2273
5371
7461
7467
5381
5382
7471
5385
2291
7480
5391
7479
2297
5394
7482
2300
5400
5403
7493
5405
7494
368
372
877
374
4838
6927
375
377
379
883
4848
384
6937
387
6939
4853
391
897
6943
394
902
4863
905
401
402
403
6955
4869
912
409
6961
6964
916
6965
417
923
6973
4887
428
427
429
431
936
6984
4897
6986
434
436
438
6990
4327
1735
1738
6421
4334
1742
1745
6428
4339
4342
6429
1749
1750
4343
1751
4345
1753
4348
4349
6438
4350
6440
4353
6442
6443
6444
4359
1767
1768
1769
6454
1776
4369
1778
4374
4375
6466
4382
6470
4383
6474
1794
6475
4389
1799
6480
1801
4395
1802
6483
4397
1806
3823
5912
5914
5915
5917
5919
5920
5928
3846
5933
5936
5938
3853
5944
3856
3862
5949
3861
5952
3864
3865
5954
3869
5957
5958
3872
3873
5964
5971
3884
5980
7495
5410
7498
3323
5413
5412
5415
3330
5419
7507
3336
3339
3343
3346
7522
7523
3348
5436
5438
3352
5445
7532
5446
7538
3363
3366
5454
3367
7544
7545
3371
5458
7547
3375
3377
3381
5477
3390
943
439
946
2821
948
7000
951
7001
2825
450
451
4916
4918
960
461
463
4928
4929
467
4935
7023
7024
2850
473
474
476
7028
2851
2853
4941
4942
7030
983
7031
2858
7037
2860
989
2862
487
488
7039
4954
7041
7042
7044
4957
4958
2871
2874
7052
2876
4964
7051
7053
2877
501
4966
4968
7059
4971
1013
2311
6487
6491
2318
2320
6498
4410
4411
4413
4414
4415
6507
4419
6514
4428
4431
4430
4434
4433
6528
6529
6532
2359
4451
4452
6541
6542
2366
2368
2369
6549
2373
2374
6553
4468
6556
2380
6555
4469
2382
3897
5987
1811
1812
5989
3902
3904
5992
5994
1819
3910
1822
3915
1830
1831
1835
3924
1836
1838
3927
1843
3935
6031
1862
3951
6041
6044
3956
6049
1871
3961
6048
6053
1304
5483
3396
1311
5489
1314
1318
3407
5497
1323
1324
1325
1327
1329
5505
5506
5507
3423
5512
5513
5517
1342
1344
5521
5522
1348
3437
5527
3445
1359
5535
1362
3450
1361
5540
5541
3453
1368
3459
2889
514
2892
518
2894
517
2895
519
4987
524
2901
2902
4993
4994
2908
536
4999
2912
535
2913
537
2914
538
2919
544
2920
547
5014
5018
2930
555
5022
5023
2937
2938
563
5027
5028
5032
2948
5036
573
2952
5043
2957
2958
7566
2383
2384
4474
7572
2389
4477
2390
4480
4482
4484
2401
2402
7588
2405
4495
7592
4497
7594
2414
2418
7602
7605
2423
7606
4511
2424
2425
4515
2428
7613
2429
4517
7616
2437
4530
2444
2445
4535
2448
2449
4540
2453
2454
4542
1880
3968
7065
3970
1883
7067
3972
1890
3979
7075
3983
1897
1898
3989
1036
7087
1039
7088
1040
1905
3994
1041
1909
3996
1045
1052
4008
4009
1921
1922
4011
7107
4012
7110
4013
1061
1063
1926
1928
4019
7115
1069
4024
1936
4025
7122
1940
7124
7125
0
7128
1081
1944
7129
4037
5
7134
3465
6561
6565
3470
3472
1384
6570
1388
6571
3480
6576
6578
3483
6580
6586
6591
6590
1408
3499
3500
1415
3506
1417
6603
3511
1423
3510
1425
1426
3515
1430
1431
3520
1432
6619
3522
3525
6623
1441
3529
1443
3533
3534
2961
2964
2965
6062
2968
6068
6069
2974
6078
2984
2983
2985
6085
2992
6095
3000
6100
6103
6105
3009
6108
3011
6107
6111
6117
3024
3025
3023
3028
6127
2458
7643
5554
7645
7648
2465
5562
5564
2472
7658
5570
2477
2480
7666
2486
7670
2488
2492
5588
5590
2496
5597
5598
2502
2506
5603
2508
5606
7697
2513
2519
2520
5617
7707
7708
587
7140
5052
5055
591
1960
1963
5060
1967
5064
7152
1970
7154
7155
604
7158
5071
606
7160
7161
1976
609
5074
610
7164
1980
5079
5080
616
7170
1987
5083
1988
5084
1991
5087
1990
624
5088
1992
7178
1997
1998
5095
7183
2003
636
5101
7189
5104
5103
2008
640
5105
7196
5108
2013
645
2021
1448
1087
6632
1447
1089
1451
1450
4546
1453
6639
4552
6640
6645
1460
1102
4560
4561
6652
1108
4565
1470
1471
1478
6662
4575
1118
1120
4576
6663
4578
6667
4584
1487
1130
1490
4587
6680
1139
1141
6690
4602
1507
1149
6692
6697
4610
1515
4611
1158
4042
4046
7716
4049
7721
6136
4051
6139
4058
7730
6148
7733
7734
4063
6151
7736
6155
7740
6158
7742
4072
7743
4073
6162
4075
4076
7749
4077
7754
4085
4089
7763
6183
4096
7768
4099
7773
6192
6196
5624
7208
8
10
5625
3539
12
13
5633
5632
7218
3546
7221
3548
5637
3550
5641
7229
29
7232
3559
5647
32
7235
34
5649
3563
7236
3566
7238
39
3567
40
3570
7246
7247
3576
49
50
5666
3580
3582
5671
5672
3585
3586
58
3588
59
7261
5676
3590
7266
66
7270
72
5689
76
7275
223
5120
81
3033
5123
82
5122
84
229
231
233
90
5129
6713
92
6720
3050
5137
246
3053
6724
6726
3055
3056
248
5145
3059
110
3062
5151
3066
114
5155
3068
3069
119
3073
5162
123
5163
269
6749
125
6750
6751
274
5170
6754
275
6755
6757
132
3086
5176
3091
138
284
285
287
6765
146
5186
291
3100
6773
655
4616
2530
658
659
2533
660
6207
1167
1168
2537
6210
2539
4627
668
6213
4632
2544
675
4634
4635
6220
4637
2551
4642
1187
6227
6229
6230
2559
6232
6234
4651
1196
1199
694
4654
1200
6244
6248
6246
705
6249
2576
2578
6251
4667
1216
6256
1215
1218
2587
6260
2591
4680
6264
1224
2594
1227
2595
6268
2598
7786
5699
4117
2032
2035
4123
7795
2036
7799
7800
7802
2041
5714
4131
7803
7805
2045
7806
2046
5719
4136
2050
5721
4138
2051
7812
2053
7813
4145
7817
7819
2059
7818
2060
4149
5735
5734
2065
2066
7827
5741
2069
2071
2070
7832
4161
7834
4165
4168
7839
4167
5752
5757
4173
4174
2086
5760
4175
2089
7849
4177
2090
7851
5765
4180
4183
3607
1520
3608
5193
3610
160
5202
5205
7293
166
7294
5207
5208
1537
5210
3624
5211
3627
1541
1540
1542
178
179
1547
7308
5220
1548
181
3637
180
183
7309
3639
186
3644
189
7317
5228
7318
5232
7321
5233
3652
5236
196
5237
5244
1572
1573
7333
5245
3662
7334
1575
207
3664
7339
1579
5252
214
5258
3674
1587
3675
7349
4688
3105
6778
1235
3108
3111
1238
3113
3116
1242
3115
6787
1244
4702
6791
3119
4703
1247
1248
4705
1253
4710
1257
3131
6806
4718
4721
3138
6810
1270
3141
4725
4727
3142
6815
1274
6818
4730
1275
1277
6825
3152
6826
3155
4741
1286
3158
1287
6831
3160
4745
3162
1290
1291
3165
3164
4750
3167
4752
4751
6842
3169
1298
6845
3174
1302
2599
2606
4191
4193
4194
2611
4196
2612
2619
4203
2622
4211
4213
4220
4222
4226
2646
2651
4236
4237
2659
2660
4246
4250
4251
2667
4252
3683
3682
3685
3687
3693
6285
3695
3696
3702
3703
3704
3706
3712
6305
6308
6307
3716
2133
3718
6311
6314
3722
3725
6317
6318
2143
3729
2148
6329
3740
2157
6335
6337
6340
2164
