3175
5768
5767
3176
1592
3177
1594
5769
5770
3179
3180
5774
3183
5773
5775
1601
5276
1605
3191
3193
5281
3194
5788
5284
5290
5291
5795
5798
5801
5804
3211
5806
3216
5304
3217
5305
3222
1638
5815
3224
5315
5316
5821
5318
3230
1650
3232
1649
1651
3235
5829
1654
3239
5831
1658
5329
1661
5333
2677
7861
735
7867
7870
741
7873
2689
745
4779
749
2693
7880
753
752
4785
7882
2699
7883
2701
7884
758
759
2706
7890
4794
763
2708
4800
7898
771
2714
2715
4804
4806
2722
7908
2725
783
2728
786
2732
7918
2735
2736
793
794
7923
4827
2739
2741
798
7925
7926
4255
2168
7352
2169
2172
2173
7357
7360
2177
4267
7362
4266
7363
2181
4271
2185
4274
7371
2187
7373
4278
2190
4279
4280
4283
4293
2208
4295
7393
2210
2214
7400
2216
4307
4311
7409
2226
4316
4320
2234
2236
7421
2237
799
1664
296
800
6852
302
806
301
3759
808
1675
3763
811
813
3764
1679
312
6865
817
820
6870
3776
3778
3779
323
324
6877
3781
1694
327
833
832
6882
3786
1697
1700
1702
6886
841
336
6888
1705
3792
1706
1710
1709
6894
3799
1712
6897
6898
851
3803
1717
349
855
856
6904
1723
357
862
867
3821
6347
6354
6355
6357
6365
6368
6370
6378
6387
6389
6390
6391
6400
6401
2745
2749
2750
3254
2751
2753
3256
7937
3258
5850
3260
2759
2761
3264
5858
5859
7947
2763
5862
7949
3271
7951
3272
2769
7953
5866
7955
5867
7956
2773
3277
7958
7962
2778
3284
3286
5880
2784
3291
5882
3294
7975
5888
3296
7978
3300
7986
7987
2803
3307
3308
7990
7995
3315
5909
2814
7425
5337
5339
2243
7429
5340
2247
5347
2253
5350
2257
2258
2256
7443
5354
5356
5357
2264
7449
5362
2266
7450
2267
5365
7453
7452
5364
7456
7457
5372
2279
7463
2281
7465
5378
2284
2286
7473
7472
2292
7477
7478
2293
5390
2295
5397
2304
5402
5406
367
4832
4833
369
370
4843
4842
885
4844
381
6932
6935
887
386
894
390
4854
4855
393
898
4858
900
4860
4861
901
398
399
6953
400
906
4868
907
404
6956
908
6958
6957
4872
911
913
4871
4873
914
413
6966
4879
6967
416
420
6972
4884
421
424
6979
6982
933
6985
4901
6416
4329
1739
6420
4332
6423
6422
6425
4340
6430
6431
1752
6433
6434
6436
6439
1761
1763
1765
4358
1770
6451
6456
4370
1781
6462
1783
6463
6464
1787
4379
4381
4386
4387
6479
1800
6481
4394
3826
3827
5916
5927
5931
3844
5937
3851
5941
3854
5943
3859
5951
3863
5956
3870
5962
3876
3878
5966
3885
3886
5974
5977
3892
5981
3319
3320
3322
3326
3327
5418
3332
3335
7513
5425
3337
7516
3340
3341
5429
7520
5433
5434
3349
7528
5441
7529
3355
5442
3356
7535
3360
5450
5451
5455
3368
5459
7546
7548
3373
3376
5465
7552
5467
7555
5468
3382
5469
3383
7560
3385
7564
5476
7565
2815
4904
944
6993
949
444
4908
950
6997
4909
6998
446
2822
2824
953
4913
4914
2826
956
2828
958
2831
457
7011
7012
4925
2840
7015
967
465
971
468
4933
973
470
7022
2845
977
4940
477
981
475
7029
2854
982
478
479
7032
984
4943
985
7033
2857
988
7036
485
7038
486
990
2863
2864
2865
489
993
490
2867
995
7046
7045
7047
495
1000
2873
7049
4962
499
2879
503
7057
4967
4969
1008
506
4970
507
4973
511
4398
2312
6489
4403
2315
2317
6495
4409
6499
4418
2330
2332
4422
6512
6517
2341
2342
2343
6520
2347
6526
4438
6527
2352
4442
4444
2354
2357
6534
6535
4447
4450
2363
2365
4454
4457
2370
4459
6548
4462
6551
2376
2379
6554
4467
1807
5985
1813
3905
1825
3914
1828
6007
6009
1833
3925
1840
6017
1844
3933
6021
1847
3936
6026
3940
6028
3941
6032
1858
1859
3947
6038
1866
6043
1868
6045
6046
3958
1869
6047
3962
1874
6051
6052
3963
3966
5480
1309
1310
1312
5496
1320
5498
5499
1326
3414
1328
1330
5509
1334
5511
1335
3424
1338
1345
5520
1347
3434
5525
5526
3440
5528
5530
1356
5534
5544
3458
1370
5547
1373
1374
5550
510
4977
4978
516
4980
4984
4985
2897
2899
523
4988
4989
526
2903
4991
2904
4995
532
533
4998
5001
5002
541
542
5008
2921
546
2925
550
2926
553
5016
5021
2932
2934
560
2936
5026
2940
565
567
2942
5030
569
5034
5040
576
577
578
2954
579
5042
7568
4475
2388
4478
4479
7576
2393
7577
7578
2395
2396
4486
4489
4492
2407
7591
4496
4499
2416
2417
2419
4507
2421
2420
7607
7617
4522
7621
2436
4526
2438
7623
7624
4531
4532
4536
7633
2451
4538
2450
7063
3973
7069
1022
7070
7072
3976
1026
7076
3982
1895
3985
7083
1900
3988
1037
7084
1038
1904
1042
7093
1908
3999
7095
4002
1914
4003
1916
4005
1918
4006
1054
1919
1920
1058
1059
1924
1925
7109
1927
4015
7112
1062
1930
4018
1932
4021
7119
1941
1077
1942
4031
4032
7130
1084
1949
4036
1085
6559
3463
3464
1377
1378
3466
6562
1381
6566
1382
3471
1383
3473
6569
1385
6572
6573
3479
6577
3482
3481
1396
1398
3491
1404
3497
1410
3498
6595
3504
6604
1421
6605
6607
6609
3516
3518
6616
6617
3521
3523
1435
1436
6627
3532
6630
2959
2960
6058
6059
6060
2966
6064
2970
6065
6067
2972
6074
2980
6080
2989
6088
6090
6091
2995
6092
3001
6106
3014
6112
6115
3020
3021
6123
6125
5551
7641
2456
7644
2461
7650
2469
2471
7656
2474
7659
2478
7663
5578
5580
2485
2487
5583
2489
5584
2490
5586
5589
7676
7681
5594
2499
5596
7685
2501
2504
5600
2503
2505
5601
2509
7693
7695
5608
7696
7699
5612
7701
2517
2518
2523
2524
7710
1952
584
1955
1957
5058
5059
1964
5067
5066
605
5069
7157
1977
1978
5075
7165
617
619
7172
620
7174
7179
627
7182
1999
2001
5098
7187
635
5099
2005
7193
641
2010
7195
7198
646
7200
5111
2015
647
5112
7201
649
7202
5116
651
7205
2020
7206
6633
1449
6635
4547
1091
4549
1093
1095
1454
4551
1456
1455
1097
1098
4555
1100
4556
6646
6649
1463
6648
4562
1106
1466
4564
1467
4563
1469
1111
4567
6655
6656
6658
4570
4572
1115
1477
6661
4574
6664
1121
4577
4579
4581
1127
1128
4585
4588
1134
1494
1135
4591
6681
4593
6683
4594
6684
1142
6686
1503
6688
1504
4600
4601
6691
4604
4603
4605
1511
1151
6695
4608
1513
1155
1157
6702
7712
4039
6130
6132
4043
6135
4054
6144
6143
6145
4061
6150
4066
7737
4067
4070
6159
6172
4084
4091
6179
4095
7767
4094
6184
6188
4105
7776
4104
7780
4109
4108
7781
7207
5623
14
3542
3543
7217
3545
19
3547
7219
3551
7222
5640
3554
26
27
5644
3556
5646
7230
5650
3561
36
38
7241
3568
44
43
7245
3574
46
7248
5667
3584
57
5675
7258
5674
61
3592
7265
3594
5683
67
7268
5686
71
5687
7273
5690
5692
3605
80
5121
225
6705
6708
227
5125
5124
3035
5128
89
3043
91
3044
236
5132
6716
94
3047
3048
241
243
100
5141
245
6731
107
5148
253
6733
252
255
113
3064
6736
6737
5153
3067
263
6742
5157
3070
118
122
5161
6747
5166
5165
270
126
5167
272
129
3082
133
276
5174
6758
5175
3088
6762
3090
6764
5182
141
5184
143
3097
6771
3098
6772
293
2527
1159
6202
4622
4624
2536
6208
2535
1169
6209
667
6212
1171
4628
670
673
1177
6216
4636
4638
678
6223
1183
680
6224
2552
681
2554
2556
4645
2558
688
692
695
698
4657
6241
6243
700
4660
1204
1206
2574
4663
1208
704
1209
707
4668
1212
2581
709
4670
715
2586
1220
2588
4678
6262
2592
2593
6266
723
2596
1228
725
4686
1231
5696
7784
5698
4115
7787
7791
5702
2030
7790
7792
2033
4122
7796
7797
5710
2042
5715
2044
5717
4137
5726
4141
4144
2057
4148
2063
7826
4154
5739
4155
4156
4157
4158
5742
7831
5743
5745
4162
2074
7835
5748
4164
7836
2078
5750
2079
7840
4170
2080
2082
7844
7846
7845
2088
7848
5759
7850
4178
4181
7852
152
7280
3609
1521
156
7284
5198
1526
1527
7289
1529
7290
3617
5203
162
3619
167
3626
1538
5209
7300
3628
5212
7302
7301
5215
5214
3632
7306
1549
184
3642
3643
7315
187
5227
1556
3646
7320
3649
1561
7324
7323
5235
5239
199
3656
1568
5240
1569
1570
1571
7331
203
3660
5247
1576
1578
5250
7338
3667
211
213
7341
215
3670
3672
5256
218
7347
219
220
5261
7350
221
3678
1230
6775
4687
6777
3106
1236
6779
6782
6784
6783
4696
4697
1240
6786
4700
4701
3118
4707
4708
6797
6798
3126
3128
3129
6805
3133
1261
4717
6808
4720
3137
4722
6813
1267
1273
6819
3147
6821
1279
3151
4736
3154
1282
1283
3156
4740
6832
3159
4746
6834
1293
6839
3168
3170
6841
4753
3171
1300
3173
4182
4184
4186
2603
4190
2609
4199
2614
2624
4210
2627
4214
4215
2633
2635
4221
2642
2643
4228
4229
4230
4231
2647
4234
4235
4239
2656
4240
4247
2664
2665
2669
4253
2095
3680
6276
2101
3686
2109
6286
6289
3701
2119
2121
6301
3709
6302
3715
6309
3720
2137
3726
2144
6321
3730
6323
2149
6325
6326
2153
3739
2159
6338
2162
3748
6341
