584
1233
1810
588
1237
1238
1814
1239
1241
593
1962
594
595
1964
597
599
1969
601
1971
1251
1253
1829
1830
606
608
1977
609
1258
1835
1259
1980
1837
1981
1839
616
1842
1267
620
621
1990
1846
1270
624
1992
1849
1994
1851
631
1855
1281
1857
1284
1860
1285
1862
1863
1864
640
1867
1293
1295
647
1872
1873
649
1297
1876
655
1448
1450
1090
1307
1452
1453
1310
1311
1455
1095
1097
1458
1099
1316
1460
1461
1101
1102
1318
1319
1463
1464
1321
1107
1467
1324
1468
1109
1112
1117
1119
1479
1338
1124
1484
1340
1125
1485
1126
1486
1127
1128
1488
1345
1131
1493
1350
1496
1352
1353
1138
1498
1499
1355
1140
1356
1500
1501
1142
1358
1359
1504
1505
1363
1507
1148
1509
1367
1368
1512
1369
1153
1514
1370
1154
1371
1155
1516
1517
1374
1736
512
513
369
1738
1739
374
1734
519
376
520
881
1745
522
1748
380
1749
885
526
383
528
529
1754
530
1755
891
531
892
388
389
535
391
1759
1760
392
538
1763
899
540
1764
900
541
901
398
542
400
1768
544
904
545
402
906
547
909
550
406
1775
408
914
1778
555
556
919
1784
920
417
418
1786
419
924
421
926
1791
567
568
932
574
1798
431
575
0
1800
3
1803
939
580
437
942
438
1807
1593
1594
11
1598
19
1604
20
1605
1606
26
27
1612
1613
32
1616
33
1617
1618
1619
36
1622
39
46
1631
1632
1633
49
1635
51
1637
53
55
1641
1642
64
66
1651
1652
70
72
77
78
79
728
81
225
1882
226
83
1883
84
1021
1022
1886
735
231
1023
1024
232
88
736
737
233
1890
234
739
235
1027
91
237
741
238
94
1031
1896
1897
242
1899
99
747
100
748
1900
1038
102
1902
1903
751
248
1040
1905
250
1042
106
755
252
756
1046
759
112
1912
762
1915
259
764
1052
765
766
119
263
1920
264
265
1058
122
1059
771
1924
127
775
272
273
1930
130
778
1931
1068
132
276
1933
1069
133
135
783
279
280
1073
1937
787
1940
789
285
791
1943
287
792
144
793
145
1946
291
149
151
1951
1160
656
657
1377
1162
1379
659
1164
660
1165
1382
1166
662
1167
1168
1384
1170
667
1171
668
1389
1390
1391
671
1392
1176
1177
673
1393
1179
1397
678
1183
679
681
1401
1402
684
1406
686
687
688
1408
1192
689
1409
1410
690
691
692
1197
694
1416
1202
1203
1419
1204
1421
701
1205
1206
1210
1426
1427
1211
711
1215
1217
1433
713
1219
1438
1439
719
1223
720
1441
1225
722
1227
723
724
1228
725
727
800
945
801
299
947
803
443
951
809
305
954
307
957
309
454
455
311
815
960
816
313
817
458
963
461
317
318
967
319
464
969
321
466
826
467
972
830
831
975
327
976
472
329
473
978
835
836
477
336
840
984
841
482
843
483
340
844
990
847
991
487
849
489
490
347
851
492
997
998
496
1000
497
1003
1004
502
222
503
359
1007
360
505
361
506
1012
508
1013
869
510
366
367
511
871
152
1664
1666
154
1523
156
1524
1669
159
160
1528
1529
1673
1674
1530
162
1675
164
1534
1535
167
1538
1684
1540
1686
176
1688
1544
1545
177
1690
1691
1692
1693
1550
182
1695
184
1552
1696
1698
1699
1700
1557
190
1563
197
1710
200
1713
1569
201
1714
1570
204
1717
1573
1574
1575
208
209
1723
1724
1581
215
217
1730
1731
1732
1733
1590
