5336
5479
5408
153
2529
1379
2602
4187
7574
5270
5487
1602
7652
2540
1534
2252
2613
3623
5568
4346
3196
2404
5790
4566
4207
1616
3560
176
2625
4281
3347
5437
4573
2561
5368
4361
2634
7531
5301
5660
6670
7249
3432
4297
2426
1563
6460
7612
1780
702
7469
4304
6536
5673
4521
4377
5389
5533
7551
6259
4318
719
217
6267
1516
6629
6270
6055
4976
6057
5053
7144
6999
304
5922
1815
2755
1892
1028
5995
1030
3839
455
6864
4849
2690
98
2906
1684
4133
2982
7807
2048
3991
4712
7016
3922
1259
6947
2125
3997
7814
4142
5005
1982
471
7960
3785
2130
2132
2707
1915
3858
980
5158
910
4007
2929
5953
3938
4876
7830
6175
3298
633
6968
5891
7907
2866
6756
6037
4743
1288
1935
6761
137
1289
4171
7843
1006
6119
6050
6194
