1018
1882
83
84
1885
85
1886
88
89
1025
1890
1027
1028
92
94
1030
1894
1896
97
1034
1898
99
1900
1901
103
1039
1041
105
1044
1915
1052
117
1054
1057
1058
124
126
1926
1064
129
1930
1932
133
1071
1936
136
137
138
1938
1076
142
1078
1943
144
1945
147
1952
1378
659
1380
661
1166
664
1384
1170
667
1171
1172
1391
1176
675
1180
1397
678
1182
1183
1399
1185
1407
1409
1193
689
1196
694
695
1425
1428
1213
1430
712
713
1219
1222
1223
1442
723
1444
1228
1445
945
297
442
947
299
2028
444
300
2029
2030
950
808
2033
953
451
956
309
813
814
958
962
2042
459
819
964
462
463
823
967
320
466
467
971
828
972
829
830
471
328
472
2057
473
978
330
834
2059
477
335
480
2065
988
844
2068
341
486
991
487
489
345
850
347
348
852
492
853
2077
2078
2079
496
2080
1000
1002
500
357
861
1006
503
1008
866
2091
868
2092
366
871
2095
2096
872
1666
159
162
1531
164
1678
1683
1542
1544
1689
179
1696
1553
186
1555
1557
1558
1706
1563
1564
197
1566
198
199
1711
1568
206
207
1576
1581
1726
1727
215
1583
1585
1730
1587
1589
1591
1735
1592
586
731
733
1814
735
1961
738
1963
1819
1821
1967
1969
1825
603
1971
1829
606
1830
750
751
1975
607
1832
1976
753
1834
611
1835
1980
758
1982
1840
616
1842
619
1844
1990
624
1849
1993
625
1995
628
1997
630
1855
1999
2001
777
1858
778
780
2006
639
785
643
1868
644
2012
2013
1870
791
648
2016
793
650
1874
653
2021
2022
799
800
2024
1450
1451
1092
1308
1453
1238
1239
1095
1240
1457
1313
1314
1315
1099
1244
1462
1103
1104
1465
1322
1466
1250
1468
1252
1469
1327
1328
1256
1113
1257
1474
1258
1115
1259
1332
1261
1335
1480
1482
1267
1123
1487
1489
1345
1274
1346
1131
1134
1350
1136
1353
1355
1283
1140
1141
1357
1289
1290
1509
1510
1151
1512
1513
1154
1298
1371
1299
1372
1516
1157
1376
513
2097
514
876
877
374
376
880
882
378
522
523
525
527
528
384
386
892
389
893
390
534
393
537
394
902
544
545
401
547
908
548
404
911
553
913
557
559
417
922
419
565
566
422
932
935
432
576
1
433
941
581
942
943
7
9
1594
11
10
1595
1596
1742
1744
232
17
18
234
20
1604
1749
237
1750
1607
23
1751
24
1608
1753
241
246
31
248
33
1761
249
1762
1618
35
1620
256
40
1624
1769
42
1772
1628
261
262
47
48
1777
265
49
1634
1781
1786
1787
60
276
1646
62
1648
1792
65
1650
1651
68
286
71
1799
289
1802
291
75
293
294
1806
295
1808
