3535
4471
5335
6490
2460
5411
7356
5268
1380
7285
2391
159
2176
1600
665
2466
1747
3621
5782
5638
6502
6647
1535
1175
7297
5983
1393
5426
5574
6653
7589
6222
3486
3415
7379
6445
7237
6515
4429
2629
37
3422
5510
4646
5224
1190
1623
1409
5657
1483
2564
4583
2350
4367
7537
2569
3362
2282
194
197
4373
4518
703
3369
5818
6395
7476
2654
62
2510
5825
2228
2372
3597
7557
6621
5328
1439
1584
5327
7488
3673
3530
4465
2306
1659
7636
6706
2025
5841
7714
5051
6922
2028
3684
3830
3975
878
7935
1816
5705
2896
736
3761
5706
2969
2971
2107
595
5707
6141
238
6718
6070
239
5135
95
6793
2975
3265
1032
1680
6288
3122
6722
5930
2835
3842
3268
7950
7159
6944
3849
7810
2843
6013
2054
1047
974
3998
328
5152
6087
6952
7889
2129
4146
1842
6884
258
618
2994
2131
7748
3285
1269
334
7103
2855
6098
481
4946
3074
7755
2789
918
6101
3293
2791
557
3943
6320
2145
4953
2002
2869
3949
1285
2727
7982
3950
2007
3880
4961
280
2154
7769
6330
355
642
5755
5900
6766
6910
574
286
432
145
6913
290
939
5187
6916
2885
3103
