5266
3178
5267
1595
5272
3182
5271
3185
3187
5779
5780
3189
3188
1612
5792
3199
5289
5791
5288
1620
5294
1625
5802
5803
1629
1630
1632
5306
3218
5311
5817
1641
1645
5820
1646
5823
3231
1648
3233
5321
3236
5830
3241
5833
1657
3243
5836
3245
1662
5334
7855
2673
4761
729
7859
2675
7860
7863
737
4770
2682
7869
4775
744
7872
4778
747
2692
4783
4786
7881
757
4789
2702
2704
762
7891
764
4798
767
768
4801
770
4805
7901
777
4812
4813
781
7911
7912
7915
2731
788
4821
2733
4823
2737
4825
7921
2738
7922
796
7924
797
7351
4256
7353
4258
7354
2171
7358
4261
2175
7361
2178
4268
7367
2188
7376
2195
7381
7380
4286
2199
4289
2201
2202
7387
4296
2209
4298
7394
2212
7396
2215
2218
2219
7403
4308
2223
2225
7407
4313
7408
2222
4312
2230
7419
4323
7422
3751
6849
1666
1665
803
1671
303
1673
3762
1674
308
1676
6860
6862
310
3766
6863
1682
315
6866
1683
3771
6869
3773
318
1687
320
825
3777
322
828
826
326
6878
3783
3784
3787
6881
331
332
3789
1701
837
335
3791
1703
840
338
3794
842
6892
1708
6891
3796
6893
846
3798
848
847
3800
345
3802
346
3804
854
3806
3808
352
353
6906
3810
859
3811
1724
6907
1725
358
1726
864
1729
865
1730
6914
866
1731
3818
6915
3819
3820
364
362
868
6917
6918
6346
6349
6350
6358
6361
6371
6373
6374
6375
6376
6393
6394
6398
6410
3249
5840
7928
7929
2747
2746
3251
5845
5846
2752
7938
2754
3259
2756
5852
7942
3263
7946
2764
2767
5864
7954
2770
3276
3278
5870
2774
5873
3282
3283
5878
7968
3288
5879
5881
2787
5883
7972
3292
2793
2792
3297
2794
3299
5893
5894
2799
3305
2801
5898
5899
5901
7989
2806
7991
3310
3311
5903
2807
2809
3313
2810
2811
3317
5910
2242
5338
2245
5343
7433
2251
5352
2259
5359
2262
5358
7451
2271
7455
5369
5373
7462
5375
7464
2283
5380
7470
5384
2289
2288
7474
5386
2290
5387
2294
2296
7481
7483
7485
7486
2301
2305
2308
2309
4831
6920
4834
875
876
373
6926
4837
879
4839
881
378
6933
380
4846
884
6934
4847
888
4850
892
389
6941
895
896
4857
395
4859
6946
6948
396
397
6951
903
4864
904
4867
4870
405
407
410
411
6963
4878
412
917
415
6969
920
921
4881
922
4886
927
6975
423
425
6977
4890
426
932
4894
6983
4895
937
4899
6988
437
4900
4902
1736
6418
1737
1741
4333
4335
6424
1748
4344
1754
4347
1755
1757
6437
1758
4354
1764
6452
4365
4366
1775
6455
6457
1777
6458
6461
1782
4378
6468
1792
6473
1795
6477
4388
1796
1797
6478
1798
4393
1803
6484
5911
3824
5913
3828
3831
5921
3836
5925
5926
3841
5932
3845
3847
3848
5939
3852
5942
3857
5946
5948
5950
3866
3868
5959
3874
3877
5968
3879
3882
3883
5973
5972
3887
3889
5976
5978
3890
5979
3891
3894
5407
7500
7501
3325
7502
5417
7509
5421
7510
5422
3342
5430
5431
7519
7521
5432
5435
7524
7525
3353
7530
5444
7533
3357
3358
3361
3364
7540
3365
7542
5456
3370
5461
5462
5464
3380
7559
7562
6991
4903
4906
442
4907
445
2820
4910
447
453
7004
454
959
4919
7007
4920
2833
961
4921
7009
7010
2834
458
462
4926
2842
7018
4930
970
4932
2844
4936
472
975
7025
978
2856
482
4947
7035
484
483
4948
4950
4951
994
491
2870
4959
496
1001
4960
7050
2875
1004
7055
2878
7058
2882
1010
2884
7060
4972
2886
2314
2313
4405
4407
6496
2321
2326
6503
2328
4416
4417
6505
2329
6509
6510
2336
6513
4425
6516
2340
6518
6521
2346
2353
2355
6530
4443
2356
4445
2358
6538
6540
4453
4455
6543
6546
2371
4460
6547
4461
2375
4463
6552
2377
6557
2381
3895
1809
3896
1808
5986
3899
3901
5990
5991
3903
3906
1818
5998
1823
3913
1826
6003
3916
6004
6008
6010
6012
3926
6014
1839
3930
1845
1846
1848
1849
6027
1852
1853
3946
6034
1860
3953
6040
3959
3960
1876
1877
1878
3391
1303
3393
5481
3392
1305
1307
3394
3395
5484
5485
3400
3401
3402
1315
3404
5492
5493
3405
3406
3408
5495
5501
5504
1331
3420
1336
3426
3429
3430
1346
3436
5523
3438
1350
1351
1352
1353
3441
3443
1357
3447
3446
1360
3449
1363
5539
1364
1365
3454
3456
5545
1369
5546
1372
5548
3460
5549
4975
512
4979
4981
522
4986
2898
525
4990
4992
528
529
2905
530
534
2910
2911
5000
539
5003
2916
5007
543
5011
2923
5012
5013
552
551
554
556
558
2935
559
5025
2939
2941
566
5031
2947
2949
2953
2955
5044
581
7571
7575
7579
7581
2398
4485
4487
2400
4490
2403
7587
4493
7590
7593
2409
4498
2411
2412
4500
4501
2413
2415
4505
7604
4509
4513
4514
2431
4520
7619
2433
7618
4524
7622
2439
4527
4528
2441
2442
7630
7631
4537
7637
7639
3967
1879
1020
1019
1885
3974
7073
3977
1025
7074
1889
1027
1894
7078
1031
7080
1033
1035
1901
7086
1902
3990
7089
7090
1043
1910
1911
4001
1913
7097
7100
7101
1056
4010
1065
4017
1066
7117
1934
1933
1070
7118
1071
1072
1073
7121
1074
1939
4029
4030
7127
7126
4033
2
1946
4034
3750
1947
4035
7131
1
1376
3467
3468
6567
1386
3476
6575
1392
1394
6579
1397
3485
6583
3487
3488
1400
6585
3489
3490
3493
6589
1407
3501
6600
6601
3505
3507
3508
1420
3509
3512
3513
1428
1433
6618
3528
6625
6626
6628
1445
6056
2963
6063
2967
6066
6072
6075
6076
2986
6084
2990
2996
2998
6097
6099
3002
3005
6102
6104
3015
3016
6114
6116
3022
6120
6122
6124
2455
7638
5553
7640
2459
5556
2464
2467
7653
5565
5571
7662
5573
7661
2479
5575
5576
2481
2482
7671
7672
7674
5587
7677
5599
7688
2507
5604
5605
5609
5611
5613
2516
7700
5614
7702
7703
2522
7706
2521
2526
5621
5622
5047
7135
7137
5049
7136
1954
5050
7138
588
7141
589
1958
1959
5054
5056
7146
5057
593
7147
7149
5061
1965
597
5062
7150
5063
1968
5065
602
603
7156
5068
5073
611
612
613
1984
7169
1989
7175
5091
628
5093
7184
7185
7186
639
7191
638
7190
7192
5107
2011
648
5114
5113
650
2019
652
5117
7204
2022
5118
4544
6636
1092
6637
1094
1096
4554
1457
6643
6642
1459
4557
1473
4569
1113
6660
1475
1480
1481
1482
6665
1486
1485
6672
6676
1132
6677
1133
6679
4592
1137
1498
1497
6682
1138
6685
4595
1140
1502
4599
1505
1508
6693
4606
6694
1509
4607
1153
1512
4609
1152
6698
1154
6699
4612
6700
4613
1518
7713
7711
6129
4044
7717
6134
7720
4052
7725
6142
4055
7729
4057
6146
6147
4059
6149
6154
7738
4065
4068
6160
6165
7750
4080
6171
4086
7759
7760
4090
7762
7764
6180
6182
4097
7771
4098
7772
4101
4102
7775
7777
7778
4107
7779
6195
7782
7209
5626
5627
7213
7214
7215
5631
7216
15
17
5634
7220
5639
22
7226
3555
7228
5645
30
3558
5653
5655
5656
7244
3575
47
5663
7251
3577
3578
51
53
3583
5670
54
7259
7264
64
5682
3593
68
5685
3598
3600
7274
75
3602
3604
7277
5694
3606
3032
224
3034
6707
83
3038
230
5127
88
232
235
3042
6715
93
6717
5133
5136
97
242
6723
5140
99
244
5139
3054
102
5144
6728
5143
6730
3058
5146
5147
6732
3061
3063
256
257
112
5154
6740
5156
3071
3072
6745
6746
3076
3078
3079
127
6752
5168
5169
283
3092
3094
142
3093
6767
144
288
3096
289
147
148
149
3101
292
150
294
656
6199
6200
1161
1160
4618
1162
4620
661
6204
1165
6206
1166
663
664
666
4626
2538
6211
669
2542
671
6214
4633
1179
1182
1184
4641
2553
4643
4644
1189
685
687
1192
4648
2560
4649
1193
2562
6233
6235
2563
1194
6237
693
4653
4655
6239
1198
6238
2568
4656
2570
1203
699
4661
1205
701
1207
4665
706
2580
6253
2582
6255
4671
712
1217
713
4674
4675
714
2589
1221
4676
1222
1223
720
4681
1225
6265
4683
722
724
1229
4684
2023
7783
4112
2027
5697
4116
7789
2029
4118
5703
4119
5704
7793
4121
7794
5708
5709
7798
4127
5711
2038
4128
4129
4130
7801
5718
4134
4135
2049
5724
2052
4140
5723
2056
4143
7816
2058
5732
5733
2061
4150
2062
2064
5737
5738
2067
7829
5740
4159
4160
5746
4163
4166
2081
5753
5754
5758
2087
4179
2093
7854
7279
5192
7281
7282
154
5196
155
1524
157
3613
5197
7287
5199
163
7288
3618
7291
1532
3622
1536
7298
1539
172
5213
7303
5216
3633
1545
5219
1552
3640
5223
3641
5225
185
5226
1554
188
5229
7316
5230
190
1559
191
7319
192
1560
193
3650
3651
1565
3653
7326
3654
1567
3657
3658
3659
204
206
1574
3663
7336
3666
209
3665
5251
1580
1581
1582
5254
5255
1583
7344
7346
5259
1588
5260
7348
1589
3677
5262
3102
3104
4689
3107
4691
6781
4694
3110
1239
6789
4704
6792
6794
3123
4709
4711
6800
4713
6801
4715
3130
4716
1262
3135
3136
1265
6809
1266
6812
3139
6814
3143
1272
6817
3146
4731
6820
1278
4734
6823
1280
6827
1284
4742
4744
6835
3163
6837
3166
1296
1297
4755
1301
4756
2600
4192
4195
4197
2618
2620
4208
4218
2637
4223
2641
4225
2640
4232
2650
4233
2652
4238
2653
2657
4242
4244
4245
2661
4249
2097
6273
2096
2098
2100
6280
6281
3690
6282
6284
2108
6287
2110
2113
3698
2112
3699
6291
3700
2118
3707
2123
2126
3719
3721
6313
3723
6316
6319
6322
6327
2151
3735
2155
6334
3743
3745
2161
3746
3747
6343
