7
4473
2385
6417
5265
7211
7570
5771
7210
4330
1743
16
5776
4336
4337
6426
5274
21
7580
23
2397
7582
2399
3553
7584
24
3552
7585
3192
5642
5786
7586
5282
1756
3195
28
1614
2406
5286
3200
5287
31
7231
3201
7233
3562
5794
7595
4355
5651
5797
5293
4502
6446
4504
5654
1624
3207
4503
4360
41
7601
5297
42
5300
3571
4363
1772
3572
3573
5662
1774
6453
5808
2422
4512
7609
1633
1634
7610
3219
1779
7611
1635
5668
7252
4516
3221
3220
4372
7253
7614
5310
4376
3223
1784
5312
5816
2434
5314
2435
3227
4380
3587
6469
5677
1789
3589
4525
1791
6472
65
1793
4529
7627
7267
5323
7628
5828
5325
1653
3237
7269
6476
2446
5326
3599
4391
1656
7632
4539
3603
5691
4396
1805
4541
7278
1804
1660
6486
3246
3244
2671
79
1015
6703
6704
7999
5119
7064
731
1882
7858
3036
7066
228
4763
4764
85
6709
4765
1021
3829
2679
86
6711
1023
2680
6714
3833
2681
4769
738
3834
5131
3835
234
739
2684
740
5924
3980
3838
1896
3984
5929
7082
5138
7382
3987
3843
6725
1899
7085
101
6727
750
5142
103
249
4784
2697
105
3850
6729
3057
250
106
756
4788
7885
5940
5149
7092
7886
7094
4790
1046
3855
6735
1912
5150
7888
254
1049
2705
5945
7098
1051
260
7099
4004
259
6741
261
2709
4799
262
6744
2712
7105
265
5955
121
1060
7900
1923
3077
772
6748
271
7111
4016
4808
6753
1064
7113
7906
2723
7116
779
4811
1068
131
3083
5173
3085
5963
780
3087
278
4022
6760
4023
134
136
4026
282
139
5178
6763
4027
140
7916
1076
3749
790
5975
4824
1943
3095
5183
792
6770
1082
4828
1948
3893
2740
4038
6
5190
1950
4615
1375
7496
7497
3321
4257
1164
6564
4621
3469
2174
5414
7359
4263
4264
3329
7505
1170
1387
7508
1172
2180
7365
3478
1389
1173
5423
3334
7511
1176
7512
1391
6218
3338
7369
2547
1395
6219
676
6581
677
679
7374
7635
6582
7375
3344
6225
1401
6226
4284
1188
2196
4285
1406
2557
686
7526
1405
3351
3496
7527
2197
4647
3495
2200
5440
7385
690
4650
7386
3354
691
4291
4290
4652
5443
6594
2205
2565
6598
3359
7392
1201
6602
697
1418
4659
4301
6247
4303
7543
6608
5457
4110
1210
4664
2577
2217
1211
2220
4309
1429
4669
1213
7549
710
711
6257
4673
1434
1219
5466
7554
4314
6258
4677
3524
717
718
5470
2590
4679
4319
7414
3527
6624
7417
721
5474
4321
7563
3387
5475
4325
2235
4685
6269
7420
1444
1446
6847
4111
440
5695
441
6848
298
2819
299
2026
947
5700
6996
6995
5701
2823
952
809
4912
3760
6858
812
2034
4915
2829
452
1677
4124
4917
4126
2039
2973
814
2976
1678
2832
6071
456
5713
962
2978
1681
2979
6867
3772
313
460
2836
4924
965
7804
2043
3775
319
4927
6872
5720
2839
7809
2841
6873
1689
5722
7811
2988
7021
829
4934
5727
2847
976
1695
2055
2993
7026
2849
330
2852
6883
4147
2997
6885
3790
7823
4151
6096
4153
4945
337
3003
340
986
1707
7034
3004
7828
845
341
6895
7040
3007
2072
1714
850
344
7043
3012
4956
2075
6900
1715
2868
3013
4955
2077
998
999
6110
1719
3019
497
3809
7841
4169
3018
498
6908
4963
5756
356
4172
3812
3813
4965
6118
2085
502
1005
6911
1727
504
4176
6912
7056
505
2881
6121
5762
3027
3026
5763
508
7061
1733
7062
1014
151
6342
4400
6488
5552
4402
5194
5555
7283
1523
4404
3612
6493
7286
3614
158
2319
2463
3616
1528
4408
6353
5563
2322
1531
3620
6501
4412
7292
5204
2468
1533
2325
7654
7295
6359
7655
6504
6360
7296
7657
5569
6362
4420
5572
3630
2333
6511
4421
1543
6367
1544
7305
7664
5577
7665
2337
7304
4426
1546
2483
7667
7668
3636
7310
3638
182
7311
4432
7673
6377
1555
2348
6524
2493
1557
2349
3645
4441
6384
7322
7683
6388
6531
7684
7686
1566
6533
7327
7328
4448
4449
7330
2362
7694
5246
2511
5607
2367
2512
4456
6544
5249
7337
210
2514
5610
212
4458
6404
7340
3669
7343
4464
6408
7704
1585
4466
5257
6412
7709
4470
1590
3247
5982
7927
583
1232
5048
5984
1233
1234
1810
7931
6780
4692
5988
3109
1237
4693
7933
1814
4695
5847
1817
6785
3114
4698
7145
5996
3907
1245
596
7148
3261
5854
1966
599
5999
2760
1824
600
601
3120
1250
6795
2765
3125
1972
1254
607
3127
5863
2766
5070
1832
608
1255
3273
6802
7162
3274
6011
1258
2771
3923
1260
5077
1981
5869
3132
615
7166
3279
6015
1983
614
7959
7168
3928
4724
1986
6020
5876
6811
2782
5877
7173
3140
5086
3934
6816
3287
1271
6024
4728
6025
1850
2786
5090
1851
4732
1276
2788
629
3149
1854
630
7974
2000
4735
3150
1281
4737
2795
2796
7188
7980
2798
637
6829
5892
3302
5100
6039
3952
3304
1865
6833
7985
3161
3306
7194
6042
644
3955
1867
4747
2012
643
4748
7197
2165
1292
6838
3312
7992
5904
2017
5906
3314
2166
1299
1875
3316
4757
2812
3965
5907
6846
3318
654
2239
4543
1088
2240
7426
5482
1090
6634
7427
1452
3397
5342
5344
3399
2608
2248
3403
7435
1099
7437
5348
7436
1461
1317
1105
5351
1465
1607
6650
3411
1107
6651
1468
2260
4204
4205
5503
7446
2621
1110
5502
4568
6657
2263
1472
4209
3418
1476
2268
2269
1117
2630
7454
5367
2632
2631
4216
2272
6666
1339
7458
5514
1123
3428
2275
1340
3427
1125
7460
2636
5374
1341
2639
3431
4582
1343
6673
3435
1131
5524
4227
1493
7468
2285
1349
4589
1495
1136
2649
5529
1355
3444
1501
4598
2655
3448
1144
5393
5537
2298
2658
3452
5395
2299
5396
3451
5398
7487
1367
5543
6696
3457
2307
7492
1156
2668
7491
2310
6701
4614
3462
2670
3679
6271
874
6274
6131
7715
4835
4836
2891
6133
4983
2103
4840
2104
6928
4048
4050
521
2106
3689
7723
382
7727
383
6936
889
890
7731
2115
2117
7735
4856
6296
6945
3705
2120
6153
6297
899
3708
540
2124
4862
2127
4069
2918
3711
3713
545
6161
2922
3714
7745
7747
6306
6164
406
6166
4078
2135
6167
6168
2136
6960
7752
2928
5017
4081
6962
4079
2931
915
3724
7756
5020
2933
414
6174
4087
919
3727
5024
7761
561
6178
4883
419
2147
3732
4092
564
5029
6181
7766
4093
3734
6974
926
2943
568
5033
6328
929
2944
2945
4888
6978
2152
7770
5035
6187
931
4100
4891
2946
3741
2158
5037
430
6981
4103
5039
934
575
3744
4898
6987
6339
580
941
582
